
# of validation points: 2050
Band:BS, slope=1.0057472744570433, r2=0.5893622808383837
Correlations: 0.8410802347076384 0.8510989297687847 0.6585650887021046
RMSE: 14.051867677558706
Band:PV, slope=0.8923314019176253, r2=0.6279689115302296
Correlations: 0.8368541286286383 0.7744107987660095 0.5855891980257122
RMSE: 8.644086070136018
Band:NPV, slope=0.8295020176290033, r2=0.48451038680950587
Correlations: 0.7625763444845197 0.7738555109865435 0.5825662881564634
RMSE: 17.012204266152743